.i 9
.o 4
.p 10
0 0 0 0 4294901760 4278255360 4042322160 3435973836 2863311530    0 0 3435921408 2852170240
0 0 0 4294967295 4294901760 4278255360 4042322160 3435973836 2863311530   0 4042322160 3435921408 2852170240
0 0 4294967295 0 4294901760 4278255360 4042322160 3435973836 2863311530   0 4042322160 4294954188 4289396650
0 0 4294967295 4294967295 4294901760 4278255360 4042322160 3435973836   2863311530 0 4294967295 4294954188 4289396650
0 4294967295 0 0 4294901760 4278255360 4042322160 3435973836 2863311530   0 4042322160 859032780 1437226410
0 4294967295 0 4294967295 4294901760 4278255360 4042322160 3435973836 2863311530   0 252645135 859032780 1437226410
0 4294967295 4294967295 0 4294901760 4278255360 4042322160 3435973836 2863311530   3770712064 507279600 2570282700 1437226410
0 4294967295 4294967295 4294967295 4294901760 4278255360 4042322160 3435973836 2863311530   4277991664 3787687695 2570282700 1437226410
4294967295 0 0 0 4294901760 4278255360 4042322160 3435973836 2863311530    235274752 4034411550 865717350 1437226410
4294967295 0 0 4294967295 4294901760 4278255360 4042322160 3435973836 2863311530   4269686302 260555745 865717350 1437226410
.e
300 ; population size
1000 ; number of generations
10 ; number of runs
4 ; neighborhood size
0.8 ; phi1
0.8 ; phi2
3.0 ; vMax
1 ; mutation percent
0 ; representation (2 = binary, 1 = integer A, 0 = integer B)
5 ; number of gates available
10 ; cardinality
9 ; matrix rows
9 ; matrix cols
resultGen ; filename prefix for per-generation stats
resultRunSumm ; filename prefix for per-run stats