.i 9
.o 5
.p 16
0 0 0 0 4294901760 4278255360 4042322160 3435973836 2863311530   2147483648 2147450880 2139127680 2021161080 1717986918 
0 0 0 4294967295 4294901760 4278255360 4042322160 3435973836 2863311530   3758096384 536862720 534781920 505290270 2576980377 
0 0 4294967295 0 4294901760 4278255360 4042322160 3435973836 2863311530   4160749568 134215680 133695480 2273806215 1717986918 
0 0 4294967295 4294967295 4294901760 4278255360 4042322160 3435973836 2863311530   4261412864 33553920 33423870 3789677025 2576980377 
0 4294967295 0 0 4294901760 4278255360 4042322160 3435973836 2863311530   4286578688 8388480 2155839615 2021161080 1717986918 
0 4294967295 0 4294967295 4294901760 4278255360 4042322160 3435973836 2863311530   4292870144 2097120 3760185375 505290270 2576980377 
0 4294967295 4294967295 0 4294901760 4278255360 4042322160 3435973836 2863311530   4294443008 524280 4161271815 2273806215 1717986918 
0 4294967295 4294967295 4294967295 4294901760 4278255360 4042322160 3435973836 2863311530   4294836224 131070 4261543425 3789677025 2576980377 
4294967295 0 0 0 4294901760 4278255360 4042322160 3435973836 2863311530   4294934528 2147516415 2139127680 2021161080 1717986918 
4294967295 0 0 4294967295 4294901760 4278255360 4042322160 3435973836 2863311530   4294959104 3758104575 534781920 505290270 2576980377 
4294967295 0 4294967295 0 4294901760 4278255360 4042322160 3435973836 2863311530   4294965248 4160751615 133695480 2273806215 1717986918 
4294967295 0 4294967295 4294967295 4294901760 4278255360 4042322160 3435973836 2863311530   4294966784 4261413375 33423870 3789677025 2576980377 
4294967295 4294967295 0 0 4294901760 4278255360 4042322160 3435973836 2863311530   4294967168 4286578815 2155839615 2021161080 1717986918 
4294967295 4294967295 0 4294967295 4294901760 4278255360 4042322160 3435973836 2863311530   4294967264 4292870175 3760185375 505290270 2576980377 
4294967295 4294967295 4294967295 0 4294901760 4278255360 4042322160 3435973836 2863311530   4294967288 4294443015 4161271815 2273806215 1717986918 
4294967295 4294967295 4294967295 4294967295 4294901760 4278255360 4042322160 3435973836 2863311530   4294967294 4294836225 4261543425 3789677025 2576980377 
.e
300 ; population size
3000 ; number of generations
5 ; number of runs
3 ; neighborhood size
0.8 ; phi1
0.8 ; phi2
3.0 ; vMax
1 ; mutation percent
0 ; representation (2 = binary, 1 = integer A, 0 = integer B)
5 ; number of gates available
10 ; cardinality
10 ; matrix rows
10 ; matrix cols
resultGen ; filename prefix for per-generation stats
resultRunSumm ; filename prefix for per-run stats